1	151215054402007009.1.0	1	0.174227194410	0.011347407959	2449.773090117669	0.106036418407	0.037640983600	3081.882767178991	7	9	0	/tier2/flyTEM/data/FAFB00/1512/151215054402_14x16/col0007/col0007_row0009_cam0.tif	12
1	151215054402007010.1.0	1	0.144331863155	0.011851419099	2528.796723123909	0.047434779873	0.012954337883	3304.286210139166	7	10	0	/tier2/flyTEM/data/FAFB00/1512/151215054402_14x16/col0007/col0007_row0010_cam0.tif	12
1	151215054402007011.1.0	1	0.061650510896	-0.003449494530	2775.972941452266	0.010833752025	0.009603529505	3428.495789282024	7	11	0	/tier2/flyTEM/data/FAFB00/1512/151215054402_14x16/col0007/col0007_row0011_cam0.tif	12
1	151215054402008009.1.0	1	0.071713776994	0.000780855724	2821.337259896718	0.039775049845	0.031091844313	3313.280524110945	8	9	0	/tier2/flyTEM/data/FAFB00/1512/151215054402_14x16/col0008/col0008_row0009_cam0.tif	12
1	151215054402008010.1.0	1	0.060469851124	0.010619169300	2830.948132259080	0.025419053536	0.014799812960	3397.211535825685	8	10	0	/tier2/flyTEM/data/FAFB00/1512/151215054402_14x16/col0008/col0008_row0010_cam0.tif	12
1	151215054402008011.1.0	1	0.030523720887	0.004919941684	2898.958148844380	0.011423020676	0.008870520589	3448.482138001709	8	11	0	/tier2/flyTEM/data/FAFB00/1512/151215054402_14x16/col0008/col0008_row0011_cam0.tif	12
1	151215054402009008.1.0	1	0.017157428777	0.266061364370	2414.730509105088	0.006981965519	1.297919446045	642.231426021142	9	8	0	/tier2/flyTEM/data/FAFB00/1512/151215054402_14x16/col0009/col0009_row0008_cam0.tif	12
1	151215054402009009.1.0	1	0.018032870243	-0.002553713139	2982.997381115427	0.011147742662	0.021890360072	3412.108774482855	9	9	0	/tier2/flyTEM/data/FAFB00/1512/151215054402_14x16/col0009/col0009_row0009_cam0.tif	12
1	151215054402009010.1.0	1	0.019456974529	-0.000626371590	2972.167054033234	0.009559670505	0.009474725912	3456.786293432990	9	10	0	/tier2/flyTEM/data/FAFB00/1512/151215054402_14x16/col0009/col0009_row0010_cam0.tif	12
1	151215054402009011.1.0	1	0.019560289620	-0.001537147029	2966.733546738011	0.008638611641	0.008256481156	3475.148475168971	9	11	0	/tier2/flyTEM/data/FAFB00/1512/151215054402_14x16/col0009/col0009_row0011_cam0.tif	12
1	151215054402010009.1.0	1	0.017862161953	-0.002791047079	3014.147697445558	0.010640513309	0.021715432954	3432.666968177131	10	9	0	/tier2/flyTEM/data/FAFB00/1512/151215054402_14x16/col0010/col0010_row0009_cam0.tif	12
1	151215054402010010.1.0	1	0.015500281430	-0.003980757298	3010.326145934741	0.009771018910	0.009039315556	3472.818259123946	10	10	0	/tier2/flyTEM/data/FAFB00/1512/151215054402_14x16/col0010/col0010_row0010_cam0.tif	12
1	151215054402010011.1.0	1	0.015072026152	-0.003064754274	3002.614811205916	0.009802888583	0.007780215795	3490.114526943478	10	11	0	/tier2/flyTEM/data/FAFB00/1512/151215054402_14x16/col0010/col0010_row0011_cam0.tif	12
1	151215054402011009.1.0	1	0.011218495970	-0.019829816725	3077.636586384870	0.018018520067	0.040615644702	3419.611221526226	11	9	0	/tier2/flyTEM/data/FAFB00/1512/151215054402_14x16/col0011/col0011_row0009_cam0.tif	12
1	151215054402011010.1.0	1	0.015648906909	-0.004086743005	3039.064807284230	0.010256391937	0.009169673316	3490.976310974220	11	10	0	/tier2/flyTEM/data/FAFB00/1512/151215054402_14x16/col0011/col0011_row0010_cam0.tif	12
2	151215054132008008.2.0	1	0.179443115600	0.004830135007	2513.298930006473	0.110167715200	0.033294894794	3115.375419957738	8	8	0	/tier2/flyTEM/data/FAFB00/1512/151215054132_18x14/col0008/col0008_row0008_cam0.tif	12
2	151215054132008009.2.0	1	0.147999709791	0.007816182505	2569.387951244345	0.048982083243	0.011558953789	3315.786289323703	8	9	0	/tier2/flyTEM/data/FAFB00/1512/151215054132_18x14/col0008/col0008_row0009_cam0.tif	12
2	151215054132008010.2.0	1	0.062223926058	-0.004972956075	2794.023426743450	0.011615688311	0.009295502922	3428.693563445297	8	10	0	/tier2/flyTEM/data/FAFB00/1512/151215054132_18x14/col0008/col0008_row0010_cam0.tif	12
2	151215054132009008.2.0	1	0.032465229321	0.000730684875	2926.139467160421	0.020166132763	0.028978897782	3371.112628056959	9	8	0	/tier2/flyTEM/data/FAFB00/1512/151215054132_18x14/col0009/col0009_row0008_cam0.tif	12
2	151215054132009009.2.0	1	0.040718065812	-0.003198455031	2906.743067119103	0.017989363862	0.007381498403	3427.642641843238	9	9	0	/tier2/flyTEM/data/FAFB00/1512/151215054132_18x14/col0009/col0009_row0009_cam0.tif	12
2	151215054132009010.2.0	1	0.031163199627	0.004057145412	2910.671194129020	0.011941908227	0.008506884528	3451.673046854150	9	10	0	/tier2/flyTEM/data/FAFB00/1512/151215054132_18x14/col0009/col0009_row0010_cam0.tif	12
2	151215054132009011.2.0	1	0.030263594212	0.004054317030	2918.977983580851	0.011468632107	0.008308457388	3468.921589376114	9	11	0	/tier2/flyTEM/data/FAFB00/1512/151215054132_18x14/col0009/col0009_row0011_cam0.tif	12
2	151215054132010008.2.0	1	0.018272588526	-0.003124701348	2991.700889989617	0.012020832079	0.021370220578	3416.423418890103	10	8	0	/tier2/flyTEM/data/FAFB00/1512/151215054132_18x14/col0010/col0010_row0008_cam0.tif	12
2	151215054132010009.2.0	1	0.015959597367	-0.004331099318	2989.635969517112	0.010132738839	0.008476431606	3459.446695134684	10	9	0	/tier2/flyTEM/data/FAFB00/1512/151215054132_18x14/col0010/col0010_row0009_cam0.tif	12
2	151215054132010010.2.0	1	0.016161548001	-0.002429238866	2979.384416915163	0.010935706487	0.007640313473	3473.240655497357	10	10	0	/tier2/flyTEM/data/FAFB00/1512/151215054132_18x14/col0010/col0010_row0010_cam0.tif	12
2	151215054132011008.2.0	1	0.015891205932	-0.004597402980	3028.248744707191	0.011063623958	0.012129693752	3452.931178204191	11	8	0	/tier2/flyTEM/data/FAFB00/1512/151215054132_18x14/col0011/col0011_row0008_cam0.tif	12
2	151215054132011009.2.0	1	0.015797905516	-0.004437771470	3018.759671047665	0.010496149166	0.008835215935	3477.656278359529	11	9	0	/tier2/flyTEM/data/FAFB00/1512/151215054132_18x14/col0011/col0011_row0009_cam0.tif	12
2	151215054132011010.2.0	1	0.015429587961	-0.003511535034	3010.185648604092	0.010414550385	0.007507985570	3494.647178167186	11	10	0	/tier2/flyTEM/data/FAFB00/1512/151215054132_18x14/col0011/col0011_row0010_cam0.tif	12
2	151215054132012009.2.0	1	-0.003212608888	-0.010838987749	3062.781187442379	0.015052492183	0.010369427571	3492.962031411938	12	9	0	/tier2/flyTEM/data/FAFB00/1512/151215054132_18x14/col0012/col0012_row0009_cam0.tif	12
3	151215054802007009.3.0	1	0.126102734959	0.004735765025	2635.979984860525	0.062290615092	0.014964049171	3260.326241675008	7	9	0	/tier2/flyTEM/data/FAFB00/1512/151215054802_18x14/col0007/col0007_row0009_cam0.tif	12
3	151215054802007010.3.0	1	0.215803706205	-0.022020997251	2386.946682880283	0.026728091362	0.007769666866	3371.306584026257	7	10	0	/tier2/flyTEM/data/FAFB00/1512/151215054802_18x14/col0007/col0007_row0010_cam0.tif	12
3	151215054802008008.3.0	1	0.031075040077	0.002385256022	2886.399135401218	0.021714994550	0.030904810831	3310.825008252112	8	8	0	/tier2/flyTEM/data/FAFB00/1512/151215054802_18x14/col0008/col0008_row0008_cam0.tif	12
3	151215054802008009.3.0	1	0.023340742121	-0.002652829987	2919.283972916484	0.014166603458	0.011507163085	3399.214191680658	8	9	0	/tier2/flyTEM/data/FAFB00/1512/151215054802_18x14/col0008/col0008_row0009_cam0.tif	12
3	151215054802008010.3.0	1	0.060173966851	-0.009220099591	2841.274609989981	0.011897092994	0.008986602497	3425.750328442489	8	10	0	/tier2/flyTEM/data/FAFB00/1512/151215054802_18x14/col0008/col0008_row0010_cam0.tif	12
3	151215054802008011.3.0	1	0.014762731852	-0.003322750993	2929.866503786703	0.010162486047	0.008350647076	3446.009677063266	8	11	0	/tier2/flyTEM/data/FAFB00/1512/151215054802_18x14/col0008/col0008_row0011_cam0.tif	12
3	151215054802009008.3.0	1	0.025550212108	0.004805330067	2944.486385994911	0.026924635727	0.045562157809	3310.656222050253	9	8	0	/tier2/flyTEM/data/FAFB00/1512/151215054802_18x14/col0009/col0009_row0008_cam0.tif	12
3	151215054802009009.3.0	1	0.020418459554	-0.001600193529	2960.968938279875	0.015256895689	0.012407603381	3421.101199908939	9	9	0	/tier2/flyTEM/data/FAFB00/1512/151215054802_18x14/col0009/col0009_row0009_cam0.tif	12
3	151215054802009010.3.0	1	0.019296418091	-0.005849089626	2960.830396937541	0.012443668946	0.007951609397	3449.251645387092	9	10	0	/tier2/flyTEM/data/FAFB00/1512/151215054802_18x14/col0009/col0009_row0010_cam0.tif	12
3	151215054802009011.3.0	1	0.029544199802	0.002700477596	2930.485762915931	0.011757098706	0.007922505716	3465.888291447249	9	11	0	/tier2/flyTEM/data/FAFB00/1512/151215054802_18x14/col0009/col0009_row0011_cam0.tif	12
3	151215054802010008.3.0	1	0.017410875255	-0.003894350772	3006.599099213214	0.012322611730	0.020700278662	3405.104040800361	10	8	0	/tier2/flyTEM/data/FAFB00/1512/151215054802_18x14/col0010/col0010_row0008_cam0.tif	12
3	151215054802010009.3.0	1	0.016663392059	-0.004694289219	2999.609559269447	0.011674471631	0.010507796191	3450.017031340511	10	9	0	/tier2/flyTEM/data/FAFB00/1512/151215054802_18x14/col0010/col0010_row0009_cam0.tif	12
3	151215054802010010.3.0	1	0.015838001961	-0.003761429633	2990.374229010988	0.011216427955	0.007071907229	3471.477433588763	10	10	0	/tier2/flyTEM/data/FAFB00/1512/151215054802_18x14/col0010/col0010_row0010_cam0.tif	12
3	151215054802010011.3.0	1	0.015497624070	-0.002882674495	2983.037572188310	0.010928599001	0.007176488182	3485.297521571163	10	11	0	/tier2/flyTEM/data/FAFB00/1512/151215054802_18x14/col0010/col0010_row0011_cam0.tif	12
3	151215054802011009.3.0	1	0.015365803524	-0.005153626586	3031.303498829599	0.010891273585	0.009371765521	3474.041394435684	11	9	0	/tier2/flyTEM/data/FAFB00/1512/151215054802_18x14/col0011/col0011_row0009_cam0.tif	12
3	151215054802011010.3.0	1	0.015289384250	-0.004281500432	3020.485276186570	0.010752607542	0.007289485035	3492.858938928519	11	10	0	/tier2/flyTEM/data/FAFB00/1512/151215054802_18x14/col0011/col0011_row0010_cam0.tif	12
4	151215053322008009.4.0	1	0.021366619081	-0.005751407737	2910.733662707193	0.017525526413	0.008843926226	3382.477226685267	8	9	0	/tier2/flyTEM/data/FAFB00/1512/151215053322_18x16/col0008/col0008_row0009_cam0.tif	12
4	151215053322008010.4.0	1	0.109526494065	0.003050849070	2690.268525334781	0.044538914746	0.007560778667	3336.582774165028	8	10	0	/tier2/flyTEM/data/FAFB00/1512/151215053322_18x16/col0008/col0008_row0010_cam0.tif	12
4	151215053322009008.4.0	1	0.031895321517	-0.004006103634	2933.884398777118	0.029784983654	0.025194991852	3339.866545883124	9	8	0	/tier2/flyTEM/data/FAFB00/1512/151215053322_18x16/col0009/col0009_row0008_cam0.tif	12
4	151215053322009009.4.0	1	0.020747807383	-0.007462311591	2947.571302637167	0.016216536344	0.007438039910	3414.132647586463	9	9	0	/tier2/flyTEM/data/FAFB00/1512/151215053322_18x16/col0009/col0009_row0009_cam0.tif	12
4	151215053322009010.4.0	1	0.015206009476	-0.003532689814	2939.214111367415	0.012610644414	0.005332346922	3434.196860602824	9	10	0	/tier2/flyTEM/data/FAFB00/1512/151215053322_18x16/col0009/col0009_row0010_cam0.tif	12
4	151215053322009011.4.0	1	0.014219249195	-0.006742582206	2933.961454333759	0.012199477584	0.005764581655	3445.122540346696	9	11	0	/tier2/flyTEM/data/FAFB00/1512/151215053322_18x16/col0009/col0009_row0011_cam0.tif	12
4	151215053322010008.4.0	1	0.016460142710	-0.007796899447	3004.338200231789	0.016485839934	0.016290796452	3410.567327254452	10	8	0	/tier2/flyTEM/data/FAFB00/1512/151215053322_18x16/col0010/col0010_row0008_cam0.tif	12
4	151215053322010009.4.0	1	0.016189911101	-0.008229788138	2988.617872229974	0.014053726159	0.006670793296	3446.365010650014	10	9	0	/tier2/flyTEM/data/FAFB00/1512/151215053322_18x16/col0010/col0010_row0009_cam0.tif	12
4	151215053322010010.4.0	1	0.016166661908	-0.006296013357	2970.675620664450	0.013474973067	0.004128172675	3459.417011449754	10	10	0	/tier2/flyTEM/data/FAFB00/1512/151215053322_18x16/col0010/col0010_row0010_cam0.tif	12
4	151215053322010011.4.0	1	0.030297557194	-0.004114562224	2937.471713367922	0.013659785694	0.004965626243	3469.134531097196	10	11	0	/tier2/flyTEM/data/FAFB00/1512/151215053322_18x16/col0010/col0010_row0011_cam0.tif	12
4	151215053322011008.4.0	1	0.014339502908	-0.008188771519	3034.431330805208	0.012961012116	0.008142787115	3456.392272997880	11	8	0	/tier2/flyTEM/data/FAFB00/1512/151215053322_18x16/col0011/col0011_row0008_cam0.tif	12
4	151215053322011009.4.0	1	0.014767565360	-0.008659819935	3017.091585352660	0.013056360263	0.005779897492	3471.959788146080	11	9	0	/tier2/flyTEM/data/FAFB00/1512/151215053322_18x16/col0011/col0011_row0009_cam0.tif	12
4	151215053322011010.4.0	1	0.015111865378	-0.006713383843	2998.903080037810	0.012870508058	0.004306142266	3482.782586702495	11	10	0	/tier2/flyTEM/data/FAFB00/1512/151215053322_18x16/col0011/col0011_row0010_cam0.tif	12
4	151215053322012009.4.0	1	0.013549593830	-0.008762060824	3045.059423315135	0.012779905095	0.005920116668	3496.754963248386	12	9	0	/tier2/flyTEM/data/FAFB00/1512/151215053322_18x16/col0012/col0012_row0009_cam0.tif	12
4	151215053322012010.4.0	1	0.001682206723	-0.011390673647	3038.793239051236	0.005588780202	0.001770060023	3513.612546240387	12	10	0	/tier2/flyTEM/data/FAFB00/1512/151215053322_18x16/col0012/col0012_row0010_cam0.tif	12
5	151215053102008009.5.0	1	0.020702492973	-0.004673939928	2914.067657755841	0.016418724260	0.009740813235	3385.405529597832	8	9	0	/tier2/flyTEM/data/FAFB00/1512/151215053102_18x16/col0008/col0008_row0009_cam0.tif	12
5	151215053102008010.5.0	1	0.017822070139	-0.004158801623	2911.047572570358	0.013761996897	0.007793982055	3409.045145449461	8	10	0	/tier2/flyTEM/data/FAFB00/1512/151215053102_18x16/col0008/col0008_row0010_cam0.tif	12
5	151215053102009008.5.0	1	0.030957974841	-0.002313038954	2936.218475560527	0.027839506723	0.026645863889	3340.788350777642	9	8	0	/tier2/flyTEM/data/FAFB00/1512/151215053102_18x16/col0009/col0009_row0008_cam0.tif	12
5	151215053102009009.5.0	1	0.019226554878	-0.006323337316	2952.764527198764	0.014858114306	0.007949686916	3417.388380171848	9	9	0	/tier2/flyTEM/data/FAFB00/1512/151215053102_18x16/col0009/col0009_row0009_cam0.tif	12
5	151215053102010008.5.0	1	0.015051124720	-0.007166439737	3008.290395118718	0.012757280170	0.009688235912	3430.304250127054	10	8	0	/tier2/flyTEM/data/FAFB00/1512/151215053102_18x16/col0010/col0010_row0008_cam0.tif	12
5	151215053102010009.5.0	1	0.016289327338	-0.007907472410	2990.167661119434	0.014045819051	0.006973117494	3445.227020529041	10	9	0	/tier2/flyTEM/data/FAFB00/1512/151215053102_18x16/col0010/col0010_row0009_cam0.tif	12
5	151215053102011008.5.0	1	0.013913610908	-0.007340449725	3036.160274673377	0.011873015522	0.009160362100	3454.666880449222	11	8	0	/tier2/flyTEM/data/FAFB00/1512/151215053102_18x16/col0011/col0011_row0008_cam0.tif	12
5	151215053102011009.5.0	1	0.014358624559	-0.007917596611	3020.485980404781	0.012212906463	0.006472025819	3472.159565531416	11	9	0	/tier2/flyTEM/data/FAFB00/1512/151215053102_18x16/col0011/col0011_row0009_cam0.tif	12
5	151215053102012009.5.0	1	0.013663908712	-0.007945365745	3045.259162920753	0.012012246887	0.006525616277	3493.398151727335	12	9	0	/tier2/flyTEM/data/FAFB00/1512/151215053102_18x16/col0012/col0012_row0009_cam0.tif	12
6	151215052832007008.6.0	1	0.205613245044	0.044057688282	2393.412708149466	0.141794482575	0.043705309516	3016.625435487193	7	8	0	/tier2/flyTEM/data/FAFB00/1512/151215052832_18x14/col0007/col0007_row0008_cam0.tif	12
6	151215052832007009.6.0	1	0.017683552968	0.001045621404	2899.222442271857	0.011203251998	0.011176862562	3395.093812340579	7	9	0	/tier2/flyTEM/data/FAFB00/1512/151215052832_18x14/col0007/col0007_row0009_cam0.tif	12
6	151215052832007010.6.0	1	0.015985220074	0.002293117349	2904.293470119890	0.009151228708	0.009468653497	3422.113265114138	7	10	0	/tier2/flyTEM/data/FAFB00/1512/151215052832_18x14/col0007/col0007_row0010_cam0.tif	12
6	151215052832008008.6.0	1	0.020866459132	0.000414701689	2926.916440436929	0.013314514627	0.013354303977	3386.204807565198	8	8	0	/tier2/flyTEM/data/FAFB00/1512/151215052832_18x14/col0008/col0008_row0008_cam0.tif	12
6	151215052832008009.6.0	1	0.017884028523	-0.000106430656	2931.533969018623	0.011542668521	0.010854643881	3415.523816998233	8	9	0	/tier2/flyTEM/data/FAFB00/1512/151215052832_18x14/col0008/col0008_row0009_cam0.tif	12
6	151215052832008010.6.0	1	0.014747039205	0.001424983388	2933.864170827452	0.010012224150	0.008993047830	3438.654555297922	8	10	0	/tier2/flyTEM/data/FAFB00/1512/151215052832_18x14/col0008/col0008_row0010_cam0.tif	12
6	151215052832008011.6.0	1	0.144789269836	0.000046873215	2633.574905576679	-0.063617888473	0.008536405518	3626.344353403954	8	11	0	/tier2/flyTEM/data/FAFB00/1512/151215052832_18x14/col0008/col0008_row0011_cam0.tif	12
6	151215052832009008.6.0	1	0.018045765740	-0.002878616757	2977.281678672480	0.011346289453	0.012667298153	3417.301316812111	9	8	0	/tier2/flyTEM/data/FAFB00/1512/151215052832_18x14/col0009/col0009_row0008_cam0.tif	12
6	151215052832009009.6.0	1	0.018913847097	-0.002576640068	2966.514479132544	0.012317118236	0.009771761204	3438.000876300153	9	9	0	/tier2/flyTEM/data/FAFB00/1512/151215052832_18x14/col0009/col0009_row0009_cam0.tif	12
6	151215052832009010.6.0	1	0.016710528465	-0.000884711293	2961.946521643360	0.011400326243	0.007793706973	3457.882246167341	9	10	0	/tier2/flyTEM/data/FAFB00/1512/151215052832_18x14/col0009/col0009_row0010_cam0.tif	12
6	151215052832009011.6.0	1	0.017580283905	0.001376426938	2957.579113364998	0.010564500676	0.007775461641	3475.033395569306	9	11	0	/tier2/flyTEM/data/FAFB00/1512/151215052832_18x14/col0009/col0009_row0011_cam0.tif	12
6	151215052832010008.6.0	1	0.015852116678	-0.003320714126	3011.772067404607	0.009592950186	0.011997164142	3440.323892566317	10	8	0	/tier2/flyTEM/data/FAFB00/1512/151215052832_18x14/col0010/col0010_row0008_cam0.tif	12
6	151215052832010009.6.0	1	0.016244505145	-0.004170906772	3004.481784866730	0.010470041588	0.009036924150	3463.064340835379	10	9	0	/tier2/flyTEM/data/FAFB00/1512/151215052832_18x14/col0010/col0010_row0009_cam0.tif	12
6	151215052832010010.6.0	1	0.016296336134	-0.001589875226	2993.476730058552	0.011016624006	0.007721563291	3479.328467600048	10	10	0	/tier2/flyTEM/data/FAFB00/1512/151215052832_18x14/col0010/col0010_row0010_cam0.tif	12
6	151215052832011008.6.0	1	0.015017463520	-0.003434170554	3039.219766497263	0.008927096793	0.012182983208	3457.049937587639	11	8	0	/tier2/flyTEM/data/FAFB00/1512/151215052832_18x14/col0011/col0011_row0008_cam0.tif	12
6	151215052832011009.6.0	1	0.015484041229	-0.004038045037	3032.405778387933	0.009994261438	0.009301572504	3481.467239732330	11	9	0	/tier2/flyTEM/data/FAFB00/1512/151215052832_18x14/col0011/col0011_row0009_cam0.tif	12
6	151215052832011010.6.0	1	0.014846561447	-0.002671561650	3023.308255960517	0.010118615649	0.007955461504	3499.027096111327	11	10	0	/tier2/flyTEM/data/FAFB00/1512/151215052832_18x14/col0011/col0011_row0010_cam0.tif	12
7	151215052022006009.7.0	1	0.230577924697	0.075791604528	2269.688528057850	0.150595312588	0.062324429131	2960.659151659114	6	9	0	/tier2/flyTEM/data/FAFB00/1512/151215052022_16x16/col0006/col0006_row0009_cam0.tif	12
7	151215052022006010.7.0	1	0.022177018268	-0.000810191598	2896.913478415670	0.008432667608	0.008786991237	3411.912583872676	6	10	0	/tier2/flyTEM/data/FAFB00/1512/151215052022_16x16/col0006/col0006_row0010_cam0.tif	12
7	151215052022007009.7.0	1	0.019905196094	-0.000914775353	2918.675858083909	0.013989634482	0.012589072250	3383.834186153661	7	9	0	/tier2/flyTEM/data/FAFB00/1512/151215052022_16x16/col0007/col0007_row0009_cam0.tif	12
7	151215052022007010.7.0	1	0.016454034888	-0.000922558864	2921.781706001988	0.011542542992	0.009928422708	3412.357651354687	7	10	0	/tier2/flyTEM/data/FAFB00/1512/151215052022_16x16/col0007/col0007_row0010_cam0.tif	12
7	151215052022007011.7.0	1	0.013669693501	0.001373931671	2923.199798128000	0.009690255487	0.008554570064	3433.933527815738	7	11	0	/tier2/flyTEM/data/FAFB00/1512/151215052022_16x16/col0007/col0007_row0011_cam0.tif	12
7	151215052022008008.7.0	1	0.017517700064	-0.004630820062	2977.700207243179	0.012914520832	0.014004179414	3389.513739242451	8	8	0	/tier2/flyTEM/data/FAFB00/1512/151215052022_16x16/col0008/col0008_row0008_cam0.tif	12
7	151215052022008009.7.0	1	0.019522627104	-0.002368679990	2956.909672501977	0.013808927951	0.011299543932	3411.433788261958	8	9	0	/tier2/flyTEM/data/FAFB00/1512/151215052022_16x16/col0008/col0008_row0009_cam0.tif	12
7	151215052022008010.7.0	1	0.017881402079	-0.004165906708	2954.049685762438	0.012925474982	0.008131208137	3434.933822482417	8	10	0	/tier2/flyTEM/data/FAFB00/1512/151215052022_16x16/col0008/col0008_row0010_cam0.tif	12
7	151215052022008011.7.0	1	0.014313038322	0.000182297700	2948.770403404364	0.010870516836	0.007985950834	3451.976797014882	8	11	0	/tier2/flyTEM/data/FAFB00/1512/151215052022_16x16/col0008/col0008_row0011_cam0.tif	12
7	151215052022009008.7.0	1	0.015821590381	-0.053865419687	3116.129546733689	0.006662394161	1.129539606246	1031.358469861851	9	8	0	/tier2/flyTEM/data/FAFB00/1512/151215052022_16x16/col0009/col0009_row0008_cam0.tif	12
7	151215052022009009.7.0	1	0.015664491303	-0.005523748006	3001.362319099848	0.010301810459	0.009627102484	3443.688941138040	9	9	0	/tier2/flyTEM/data/FAFB00/1512/151215052022_16x16/col0009/col0009_row0009_cam0.tif	12
7	151215052022009010.7.0	1	0.016723699332	-0.005799064944	2987.816706665792	0.012115647599	0.007215639970	3459.338255227194	9	10	0	/tier2/flyTEM/data/FAFB00/1512/151215052022_16x16/col0009/col0009_row0010_cam0.tif	12
7	151215052022009011.7.0	1	0.016165550048	-0.001111907574	2974.532251842007	0.011767796559	0.007350871930	3471.934591552184	9	11	0	/tier2/flyTEM/data/FAFB00/1512/151215052022_16x16/col0009/col0009_row0011_cam0.tif	12
7	151215052022010009.7.0	1	0.013779093869	-0.004218719358	3029.168849671936	0.009250204439	0.011008507929	3463.075682088849	10	9	0	/tier2/flyTEM/data/FAFB00/1512/151215052022_16x16/col0010/col0010_row0009_cam0.tif	12
7	151215052022010010.7.0	1	0.014409196661	-0.005931452734	3019.316845173940	0.010574577921	0.007011642624	3482.647563866398	10	10	0	/tier2/flyTEM/data/FAFB00/1512/151215052022_16x16/col0010/col0010_row0010_cam0.tif	12
7	151215052022010011.7.0	1	0.015421550605	-0.001633331982	3004.999009230138	0.010979056970	0.006965592587	3494.695637415920	10	11	0	/tier2/flyTEM/data/FAFB00/1512/151215052022_16x16/col0010/col0010_row0011_cam0.tif	12
7	151215052022011010.7.0	1	0.002142071110	-0.010797947602	3057.285264552294	0.010786811600	0.007095838856	3500.899790524156	11	10	0	/tier2/flyTEM/data/FAFB00/1512/151215052022_16x16/col0011/col0011_row0010_cam0.tif	12
8	151215051812005008.8.0	1	0.262466432568	0.062634183518	2212.987874582635	0.212837866316	0.064556550740	2802.766061206989	5	8	0	/tier2/flyTEM/data/FAFB00/1512/151215051812_14x14/col0005/col0005_row0008_cam0.tif	12
8	151215051812005009.8.0	1	0.018762894936	-0.001605550636	2907.918783223657	0.006100059114	0.008704122043	3414.245321000752	5	9	0	/tier2/flyTEM/data/FAFB00/1512/151215051812_14x14/col0005/col0005_row0009_cam0.tif	12
8	151215051812006008.8.0	1	0.020894564671	-0.002331941803	2926.134858215839	0.015824718380	0.011575445202	3382.807499049813	6	8	0	/tier2/flyTEM/data/FAFB00/1512/151215051812_14x14/col0006/col0006_row0008_cam0.tif	12
8	151215051812006009.8.0	1	0.017275019206	-0.001931518475	2925.137049638462	0.013025650711	0.009244105103	3409.517113052018	6	9	0	/tier2/flyTEM/data/FAFB00/1512/151215051812_14x14/col0006/col0006_row0009_cam0.tif	12
8	151215051812006010.8.0	1	0.013339311668	0.001243461215	2924.306673021616	0.010052092808	0.008247406335	3430.814730485203	6	10	0	/tier2/flyTEM/data/FAFB00/1512/151215051812_14x14/col0006/col0006_row0010_cam0.tif	12
8	151215051812007007.8.0	1	0.014666364834	0.122476844286	2723.125225426527	0.008762663792	1.160781702833	955.816059736477	7	7	0	/tier2/flyTEM/data/FAFB00/1512/151215051812_14x14/col0007/col0007_row0007_cam0.tif	12
8	151215051812007008.8.0	1	0.015085170347	-0.007577324184	2984.626491479692	0.012476189263	0.007602754007	3427.069550740125	7	8	0	/tier2/flyTEM/data/FAFB00/1512/151215051812_14x14/col0007/col0007_row0008_cam0.tif	12
8	151215051812007009.8.0	1	0.012703581865	0.003963720550	2958.334050666548	0.009395124676	0.010817474153	3438.570873075631	7	9	0	/tier2/flyTEM/data/FAFB00/1512/151215051812_14x14/col0007/col0007_row0009_cam0.tif	12
8	151215051812007010.8.0	1	0.014347607034	0.000109211038	2947.834098764426	0.011481813923	0.007658468898	3448.637535634218	7	10	0	/tier2/flyTEM/data/FAFB00/1512/151215051812_14x14/col0007/col0007_row0010_cam0.tif	12
8	151215051812008007.8.0	1	0.015942468353	-0.274704585589	3595.740837784419	0.006479474264	1.069233318123	1173.430949451984	8	7	0	/tier2/flyTEM/data/FAFB00/1512/151215051812_14x14/col0008/col0008_row0007_cam0.tif	12
8	151215051812008008.8.0	1	0.015078831374	-0.007253210748	3011.038942178537	0.009906509130	0.007945943323	3449.717391052749	8	8	0	/tier2/flyTEM/data/FAFB00/1512/151215051812_14x14/col0008/col0008_row0008_cam0.tif	12
8	151215051812008009.8.0	1	0.015652581136	-0.006872561324	2994.622227654188	0.011854041299	0.006215065117	3462.813491213543	8	9	0	/tier2/flyTEM/data/FAFB00/1512/151215051812_14x14/col0008/col0008_row0009_cam0.tif	12
8	151215051812008010.8.0	1	0.016231404970	-0.001684441407	2975.688757152966	0.012452110996	0.006732075522	3471.330050577119	8	10	0	/tier2/flyTEM/data/FAFB00/1512/151215051812_14x14/col0008/col0008_row0010_cam0.tif	12
8	151215051812009008.8.0	1	0.012910202482	-0.004271710530	3033.803545817515	0.009079783106	0.010864215888	3466.542842148629	9	8	0	/tier2/flyTEM/data/FAFB00/1512/151215051812_14x14/col0009/col0009_row0008_cam0.tif	12
8	151215051812009009.8.0	1	0.013405661790	-0.007541103705	3024.180269723416	0.010753452452	0.005463471835	3485.988737354521	9	9	0	/tier2/flyTEM/data/FAFB00/1512/151215051812_14x14/col0009/col0009_row0009_cam0.tif	12
8	151215051812009010.8.0	1	0.015054326964	-0.003073682678	3006.537228116729	0.011194053972	0.005746162428	3495.360986657732	9	10	0	/tier2/flyTEM/data/FAFB00/1512/151215051812_14x14/col0009/col0009_row0010_cam0.tif	12
8	151215051812010009.8.0	1	-0.005354012680	-0.014330863215	3065.604517876920	0.009655719232	0.005066167089	3507.152285478427	10	9	0	/tier2/flyTEM/data/FAFB00/1512/151215051812_14x14/col0010/col0010_row0009_cam0.tif	12
9	151215051552006010.9.0	1	0.190416948994	0.001718052269	2480.706971417829	0.188263761205	0.012913833745	2967.290520514362	6	10	0	/tier2/flyTEM/data/FAFB00/1512/151215051552_14x16/col0006/col0006_row0010_cam0.tif	12
9	151215051552007009.9.0	1	0.015134442947	0.003740324394	2949.659195134744	0.004378186495	0.010054948403	3417.362585078983	7	9	0	/tier2/flyTEM/data/FAFB00/1512/151215051552_14x16/col0007/col0007_row0009_cam0.tif	12
9	151215051552007010.9.0	1	0.016308837838	-0.002706129139	2937.679079137037	0.004150911650	0.008242755377	3427.140578002902	7	10	0	/tier2/flyTEM/data/FAFB00/1512/151215051552_14x16/col0007/col0007_row0010_cam0.tif	12
9	151215051552007011.9.0	1	0.013203136832	0.002767820550	2918.219953027503	0.006654049365	0.009691550671	3431.672575846780	7	11	0	/tier2/flyTEM/data/FAFB00/1512/151215051552_14x16/col0007/col0007_row0011_cam0.tif	12
9	151215051552008008.9.0	1	0.014751036026	-0.000734213983	2995.311360266103	0.003535361890	0.009774971519	3429.343709174893	8	8	0	/tier2/flyTEM/data/FAFB00/1512/151215051552_14x16/col0008/col0008_row0008_cam0.tif	12
9	151215051552008009.9.0	1	0.014111151217	-0.008685407674	2978.846168419230	0.012685809662	0.006625582260	3424.980731628719	8	9	0	/tier2/flyTEM/data/FAFB00/1512/151215051552_14x16/col0008/col0008_row0009_cam0.tif	12
9	151215051552008010.9.0	1	0.013148373945	0.004126602608	2952.250723655263	0.007607555468	0.009800291547	3439.934759299678	8	10	0	/tier2/flyTEM/data/FAFB00/1512/151215051552_14x16/col0008/col0008_row0010_cam0.tif	12
9	151215051552008011.9.0	1	0.013273499460	0.002163462129	2937.797812651625	0.009218575717	0.008453451759	3445.195258137712	8	11	0	/tier2/flyTEM/data/FAFB00/1512/151215051552_14x16/col0008/col0008_row0011_cam0.tif	12
9	151215051552009008.9.0	1	0.014095012582	-0.005735501804	3017.770246233995	0.008449122055	0.003480406611	3446.505239414459	9	8	0	/tier2/flyTEM/data/FAFB00/1512/151215051552_14x16/col0009/col0009_row0008_cam0.tif	12
9	151215051552009009.9.0	1	0.014069375163	-0.007614975840	3004.191555933088	0.009126868505	0.007074731347	3451.418344445003	9	9	0	/tier2/flyTEM/data/FAFB00/1512/151215051552_14x16/col0009/col0009_row0009_cam0.tif	12
9	151215051552009010.9.0	1	0.011092471805	0.003116106248	2978.907194202999	0.008272540774	0.011790599017	3456.806339619274	9	10	0	/tier2/flyTEM/data/FAFB00/1512/151215051552_14x16/col0009/col0009_row0010_cam0.tif	12
9	151215051552009011.9.0	1	0.016007152038	-0.000654420310	2963.765686893195	0.012630740981	0.007389497848	3464.870590889885	9	11	0	/tier2/flyTEM/data/FAFB00/1512/151215051552_14x16/col0009/col0009_row0011_cam0.tif	12
9	151215051552010009.9.0	1	0.012275415580	-0.003137849582	3025.019813207247	0.008458586729	0.010582317314	3469.533213445393	10	9	0	/tier2/flyTEM/data/FAFB00/1512/151215051552_14x16/col0010/col0010_row0009_cam0.tif	12
9	151215051552010010.9.0	1	0.013592301135	-0.005817510737	3010.318249065596	0.010807521832	0.005541491230	3481.965889238578	10	10	0	/tier2/flyTEM/data/FAFB00/1512/151215051552_14x16/col0010/col0010_row0010_cam0.tif	12
9	151215051552010011.9.0	1	0.015017496369	-0.001745099647	2993.040992269074	0.010966026974	0.005939338990	3490.268428563024	10	11	0	/tier2/flyTEM/data/FAFB00/1512/151215051552_14x16/col0010/col0010_row0011_cam0.tif	12
9	151215051552011009.9.0	1	-0.000439270925	-0.010286551475	3064.083575068405	0.011468822466	0.012268092885	3481.765200944035	11	9	0	/tier2/flyTEM/data/FAFB00/1512/151215051552_14x16/col0011/col0011_row0009_cam0.tif	12
9	151215051552011010.9.0	1	0.008181940864	-0.005825649013	3036.874102511087	0.009095945722	0.006301431484	3503.724887616932	11	10	0	/tier2/flyTEM/data/FAFB00/1512/151215051552_14x16/col0011/col0011_row0010_cam0.tif	12
10	151215050752006004.10.0	1	-0.190265515426	-0.034533623004	3553.665585380826	-0.262193793262	-0.061565855877	4240.883981527004	6	4	0	/tier2/flyTEM/data/FAFB00/1512/151215050752_16x14/col0006/col0006_row0004_cam0.tif	12
10	151215050752006005.10.0	1	-0.014866189135	0.002811614763	3080.332395721860	-0.014473882205	-0.009451391967	3548.741219522373	6	5	0	/tier2/flyTEM/data/FAFB00/1512/151215050752_16x14/col0006/col0006_row0005_cam0.tif	12
10	151215050752007004.10.0	1	-0.010488593167	0.008508758407	3040.502715087925	-0.010675174055	-0.001342457495	3529.874314302695	7	4	0	/tier2/flyTEM/data/FAFB00/1512/151215050752_16x14/col0007/col0007_row0004_cam0.tif	12
10	151215050752007005.10.0	1	-0.010249249344	0.006158330188	3044.719501238033	-0.013254850795	-0.006631149398	3516.833704320365	7	5	0	/tier2/flyTEM/data/FAFB00/1512/151215050752_16x14/col0007/col0007_row0005_cam0.tif	12
10	151215050752007006.10.0	1	-0.008290641002	0.006872781436	3035.880582751313	-0.007940878312	-0.004474932558	3483.528773579630	7	6	0	/tier2/flyTEM/data/FAFB00/1512/151215050752_16x14/col0007/col0007_row0006_cam0.tif	12
10	151215050752008003.10.0	1	-0.011373918174	0.013892060961	2994.704655512454	-0.022432656378	-0.069193581529	3679.945834757586	8	3	0	/tier2/flyTEM/data/FAFB00/1512/151215050752_16x14/col0008/col0008_row0003_cam0.tif	12
10	151215050752008004.10.0	1	-0.015233933062	0.000535656721	3031.007012641297	-0.012563829887	-0.007160105324	3526.612722942897	8	4	0	/tier2/flyTEM/data/FAFB00/1512/151215050752_16x14/col0008/col0008_row0004_cam0.tif	12
10	151215050752008005.10.0	1	-0.008628103557	0.010870644094	3002.854816636223	-0.011239681948	-0.002746281086	3492.299852105905	8	5	0	/tier2/flyTEM/data/FAFB00/1512/151215050752_16x14/col0008/col0008_row0005_cam0.tif	12
10	151215050752008006.10.0	1	-0.012487122117	0.007468974206	3021.019366735003	-0.007930241388	-0.005849250776	3476.494872195122	8	6	0	/tier2/flyTEM/data/FAFB00/1512/151215050752_16x14/col0008/col0008_row0006_cam0.tif	12
10	151215050752009003.10.0	1	-0.012433310795	0.009333184894	2989.255614459333	-0.015712232027	-0.002369368557	3527.644051041920	9	3	0	/tier2/flyTEM/data/FAFB00/1512/151215050752_16x14/col0009/col0009_row0003_cam0.tif	12
10	151215050752009004.10.0	1	-0.015166037788	0.002040012541	2999.000651848706	-0.009308847535	-0.006711025337	3503.439645328908	9	4	0	/tier2/flyTEM/data/FAFB00/1512/151215050752_16x14/col0009/col0009_row0004_cam0.tif	12
10	151215050752009005.10.0	1	-0.013549719042	0.002846761117	2995.803066582994	-0.008563865756	-0.007089967735	3485.281891654187	9	5	0	/tier2/flyTEM/data/FAFB00/1512/151215050752_16x14/col0009/col0009_row0005_cam0.tif	12
10	151215050752009006.10.0	1	-0.015489130586	0.005025384079	3002.389565270423	-0.007629015326	-0.007713731806	3465.761533552781	9	6	0	/tier2/flyTEM/data/FAFB00/1512/151215050752_16x14/col0009/col0009_row0006_cam0.tif	12
10	151215050752009007.10.0	1	-0.016003819110	0.004560177593	3013.286818731263	-0.006572899316	-0.007675836043	3449.777762612386	9	7	0	/tier2/flyTEM/data/FAFB00/1512/151215050752_16x14/col0009/col0009_row0007_cam0.tif	12
10	151215050752010004.10.0	1	-0.013337617638	0.003739106984	2969.451690974252	-0.009968256167	-0.004747417544	3487.514237990952	10	4	0	/tier2/flyTEM/data/FAFB00/1512/151215050752_16x14/col0010/col0010_row0004_cam0.tif	12
10	151215050752010005.10.0	1	-0.013974372141	0.003919361698	2970.271215577210	-0.008677990116	-0.007159756145	3472.748520030873	10	5	0	/tier2/flyTEM/data/FAFB00/1512/151215050752_16x14/col0010/col0010_row0005_cam0.tif	12
10	151215050752010006.10.0	1	-0.013872816771	0.006760386984	2969.965705960625	-0.007038230879	-0.005752131857	3451.779940380366	10	6	0	/tier2/flyTEM/data/FAFB00/1512/151215050752_16x14/col0010/col0010_row0006_cam0.tif	12
10	151215050752011005.10.0	1	-0.000979011692	0.008250846524	2932.826983551895	-0.006196066529	-0.006332504795	3454.328591916594	11	5	0	/tier2/flyTEM/data/FAFB00/1512/151215050752_16x14/col0011/col0011_row0005_cam0.tif	12
11	151215050532006004.11.0	1	-0.010670071120	0.008089878045	3046.971632635905	-0.011422791738	-0.001501064616	3538.571484902001	6	4	0	/tier2/flyTEM/data/FAFB00/1512/151215050532_14x14/col0006/col0006_row0004_cam0.tif	12
11	151215050532006005.11.0	1	-0.012077575821	0.004739131352	3060.854363698018	-0.013439196070	-0.007367606832	3533.897660083428	6	5	0	/tier2/flyTEM/data/FAFB00/1512/151215050532_14x14/col0006/col0006_row0005_cam0.tif	12
11	151215050532006006.11.0	1	-0.014500377803	0.003498375118	3074.579680281349	-0.014679211458	-0.008166927151	3521.491854842170	6	6	0	/tier2/flyTEM/data/FAFB00/1512/151215050532_14x14/col0006/col0006_row0006_cam0.tif	12
11	151215050532007003.11.0	1	-0.008976083642	0.015236328019	2995.260315654079	-0.032050913857	-0.063154939899	3683.968978546676	7	3	0	/tier2/flyTEM/data/FAFB00/1512/151215050532_14x14/col0007/col0007_row0003_cam0.tif	12
11	151215050532007004.11.0	1	-0.010117410054	0.009677557734	3027.288359997416	-0.010818592403	0.000038523957	3516.364246604731	7	4	0	/tier2/flyTEM/data/FAFB00/1512/151215050532_14x14/col0007/col0007_row0004_cam0.tif	12
11	151215050532007005.11.0	1	-0.014616441443	0.002482394483	3043.342316928996	-0.009896411942	-0.009598971020	3511.503366910038	7	5	0	/tier2/flyTEM/data/FAFB00/1512/151215050532_14x14/col0007/col0007_row0005_cam0.tif	12
11	151215050532007006.11.0	1	-0.007790217067	0.008716245442	3030.678726392660	-0.008274122758	-0.003383742991	3479.465384577285	7	6	0	/tier2/flyTEM/data/FAFB00/1512/151215050532_14x14/col0007/col0007_row0006_cam0.tif	12
11	151215050532008003.11.0	1	-0.014739465517	0.004989427196	2998.193575070225	-0.010755319586	-0.011026286659	3530.556167689152	8	3	0	/tier2/flyTEM/data/FAFB00/1512/151215050532_14x14/col0008/col0008_row0003_cam0.tif	12
11	151215050532008004.11.0	1	-0.015556481519	0.003528197718	3010.359840375313	-0.010395961533	-0.006371047133	3508.361706973170	8	4	0	/tier2/flyTEM/data/FAFB00/1512/151215050532_14x14/col0008/col0008_row0004_cam0.tif	12
11	151215050532008005.11.0	1	-0.014226094328	0.004183638743	3012.444133609621	-0.009007695629	-0.007955739974	3492.824688541528	8	5	0	/tier2/flyTEM/data/FAFB00/1512/151215050532_14x14/col0008/col0008_row0005_cam0.tif	12
11	151215050532008006.11.0	1	-0.012817951434	0.008255011435	3018.630229364753	-0.008184734644	-0.006459911489	3473.015651286056	8	6	0	/tier2/flyTEM/data/FAFB00/1512/151215050532_14x14/col0008/col0008_row0006_cam0.tif	12
11	151215050532009003.11.0	1	-0.013032694317	0.005361063526	2968.264446452638	-0.009630965360	-0.006334650737	3501.954458983149	9	3	0	/tier2/flyTEM/data/FAFB00/1512/151215050532_14x14/col0009/col0009_row0003_cam0.tif	12
11	151215050532009004.11.0	1	-0.013764408323	0.002322832456	2981.474477697266	-0.009082993313	-0.007055863460	3489.674064712133	9	4	0	/tier2/flyTEM/data/FAFB00/1512/151215050532_14x14/col0009/col0009_row0004_cam0.tif	12
11	151215050532009005.11.0	1	-0.013781857238	0.004302829227	2986.233807277291	-0.008453225498	-0.007890506714	3475.356348961068	9	5	0	/tier2/flyTEM/data/FAFB00/1512/151215050532_14x14/col0009/col0009_row0005_cam0.tif	12
11	151215050532009006.11.0	1	-0.014748605314	0.007531282826	2996.113824954678	-0.007621605858	-0.006456523627	3457.969068493287	9	6	0	/tier2/flyTEM/data/FAFB00/1512/151215050532_14x14/col0009/col0009_row0006_cam0.tif	12
11	151215050532010004.11.0	1	-0.014137657728	0.001884523108	2958.979627578061	-0.010114394840	-0.006558356986	3474.017269074568	10	4	0	/tier2/flyTEM/data/FAFB00/1512/151215050532_14x14/col0010/col0010_row0004_cam0.tif	12
11	151215050532010005.11.0	1	-0.013812538142	0.002718342632	2963.778485247436	-0.009213483386	-0.007600257592	3460.857746536843	10	5	0	/tier2/flyTEM/data/FAFB00/1512/151215050532_14x14/col0010/col0010_row0005_cam0.tif	12
11	151215050532010006.11.0	1	-0.013665014802	0.007732611006	2970.539500751918	-0.007485815326	-0.005786460434	3444.582782166428	10	6	0	/tier2/flyTEM/data/FAFB00/1512/151215050532_14x14/col0010/col0010_row0006_cam0.tif	12
12	151215050312005005.12.0	1	-0.152756094106	-0.003909472939	3423.032995184301	-0.302389935893	-0.024866751775	4275.735100856866	5	5	0	/tier2/flyTEM/data/FAFB00/1512/151215050312_14x16/col0005/col0005_row0005_cam0.tif	12
12	151215050312006004.12.0	1	-0.015470311435	0.004541862729	3050.960232282210	-0.014636936618	-0.009124084370	3562.563868217985	6	4	0	/tier2/flyTEM/data/FAFB00/1512/151215050312_14x16/col0006/col0006_row0004_cam0.tif	12
12	151215050312006005.12.0	1	-0.012452470783	0.003810165680	3053.988326662053	-0.011594053099	-0.008867373869	3535.580314450664	6	5	0	/tier2/flyTEM/data/FAFB00/1512/151215050312_14x16/col0006/col0006_row0005_cam0.tif	12
12	151215050312006006.12.0	1	-0.012963034871	0.003884285496	3062.420520542932	-0.014305924528	-0.007773066611	3521.647734427126	6	6	0	/tier2/flyTEM/data/FAFB00/1512/151215050312_14x16/col0006/col0006_row0006_cam0.tif	12
12	151215050312007003.12.0	1	-0.017008817620	0.675952208082	1581.405850125724	-0.008246352398	-1.410806355334	6543.389879615861	7	3	0	/tier2/flyTEM/data/FAFB00/1512/151215050312_14x16/col0007/col0007_row0003_cam0.tif	12
12	151215050312007004.12.0	1	-0.014939598479	0.004658768879	3023.449425100051	-0.012566944247	-0.008414956366	3534.480725650908	7	4	0	/tier2/flyTEM/data/FAFB00/1512/151215050312_14x16/col0007/col0007_row0004_cam0.tif	12
12	151215050312007005.12.0	1	-0.014902263502	0.004233835819	3032.445819688954	-0.010770687664	-0.009003338819	3515.093629456474	7	5	0	/tier2/flyTEM/data/FAFB00/1512/151215050312_14x16/col0007/col0007_row0005_cam0.tif	12
12	151215050312007006.12.0	1	-0.014656860776	0.004945338607	3038.817909247853	-0.010028231464	-0.007752573731	3495.639804192411	7	6	0	/tier2/flyTEM/data/FAFB00/1512/151215050312_14x16/col0007/col0007_row0006_cam0.tif	12
12	151215050312007007.12.0	1	-0.008966728119	0.011252708759	3039.299192831437	-0.008157558640	-0.004458477052	3473.334071378282	7	7	0	/tier2/flyTEM/data/FAFB00/1512/151215050312_14x16/col0007/col0007_row0007_cam0.tif	12
12	151215050312008003.12.0	1	-0.014883243297	0.006127269135	2983.469760753680	-0.011675691913	-0.009270959178	3527.902527852973	8	3	0	/tier2/flyTEM/data/FAFB00/1512/151215050312_14x16/col0008/col0008_row0003_cam0.tif	12
12	151215050312008004.12.0	1	-0.014987192971	0.004536293593	2995.941661853052	-0.010510336206	-0.007068322755	3508.165991906368	8	4	0	/tier2/flyTEM/data/FAFB00/1512/151215050312_14x16/col0008/col0008_row0004_cam0.tif	12
12	151215050312008005.12.0	1	-0.014558937810	0.003250958968	3003.949591703946	-0.009869880267	-0.007582603313	3494.157544041867	8	5	0	/tier2/flyTEM/data/FAFB00/1512/151215050312_14x16/col0008/col0008_row0005_cam0.tif	12
12	151215050312008006.12.0	1	-0.013692786046	0.008205997363	3007.972410521157	-0.008771441937	-0.007877678347	3477.343284961011	8	6	0	/tier2/flyTEM/data/FAFB00/1512/151215050312_14x16/col0008/col0008_row0006_cam0.tif	12
12	151215050312008007.12.0	1	-0.013540622748	0.009486104690	3024.480088025128	-0.008747541027	-0.006849224907	3462.017130642023	8	7	0	/tier2/flyTEM/data/FAFB00/1512/151215050312_14x16/col0008/col0008_row0007_cam0.tif	12
12	151215050312009004.12.0	1	-0.013532280120	0.003969790014	2970.372480923928	-0.009583031296	-0.006289490847	3488.970140728110	9	4	0	/tier2/flyTEM/data/FAFB00/1512/151215050312_14x16/col0009/col0009_row0004_cam0.tif	12
12	151215050312009005.12.0	1	-0.013942422662	0.004203316762	2977.724212307308	-0.009090054108	-0.007095274756	3476.220286125608	9	5	0	/tier2/flyTEM/data/FAFB00/1512/151215050312_14x16/col0009/col0009_row0005_cam0.tif	12
12	151215050312009006.12.0	1	-0.014230909058	0.007277088794	2985.989490516899	-0.008381759962	-0.006793594170	3460.945461630356	9	6	0	/tier2/flyTEM/data/FAFB00/1512/151215050312_14x16/col0009/col0009_row0006_cam0.tif	12
12	151215050312009007.12.0	1	-0.014531978438	0.008034637052	3001.233258668784	-0.007852697351	-0.005795464891	3447.203983946994	9	7	0	/tier2/flyTEM/data/FAFB00/1512/151215050312_14x16/col0009/col0009_row0007_cam0.tif	12
12	151215050312010004.12.0	1	-0.004575573637	0.010218117051	2929.226205200677	-0.008154581646	-0.006996752398	3471.227253466495	10	4	0	/tier2/flyTEM/data/FAFB00/1512/151215050312_14x16/col0010/col0010_row0004_cam0.tif	12
12	151215050312010005.12.0	1	-0.013664146378	0.004047952398	2951.765437128037	-0.009503972433	-0.006957628199	3458.621729122766	10	5	0	/tier2/flyTEM/data/FAFB00/1512/151215050312_14x16/col0010/col0010_row0005_cam0.tif	12
12	151215050312010006.12.0	1	-0.014176120014	0.006434200312	2960.484245465406	-0.008633579564	-0.006945226949	3444.392377589538	10	6	0	/tier2/flyTEM/data/FAFB00/1512/151215050312_14x16/col0010/col0010_row0006_cam0.tif	12
13	151208120343012117.13.0	1	-0.014228133776	-0.006890079544	3072.424952502100	0.004388704991	-0.008276877589	3461.423218732642	12	117	0	/tier2/flyTEM/data/FAFB00/1512/151208120343_28x128/col0012/col0012_row0117_cam0.tif	2
13	151208120343012118.13.0	1	-0.265339165127	-0.019354035786	3662.868086256327	0.069418023287	-0.007626379564	3290.063881876355	12	118	2	/tier2/flyTEM/data/FAFB00/1512/151208120343_28x128/col0012/col0012_row0118_cam2.tif	2
13	151208120343013116.13.0	1	-0.016260812920	-0.015312022721	3101.535906816003	0.003367522854	-0.014145429494	3509.083701557829	13	116	0	/tier2/flyTEM/data/FAFB00/1512/151208120343_28x128/col0013/col0013_row0116_cam0.tif	2
13	151208120343013117.13.0	1	-0.013251525916	-0.016107067537	3068.476680350228	0.005228401430	-0.011473299562	3478.636767984019	13	117	0	/tier2/flyTEM/data/FAFB00/1512/151208120343_28x128/col0013/col0013_row0117_cam0.tif	2
13	151208120343013118.13.0	1	-0.011418821817	-0.012033801840	3033.022071983214	0.005391087011	-0.009474942352	3453.762261021999	13	118	2	/tier2/flyTEM/data/FAFB00/1512/151208120343_28x128/col0013/col0013_row0118_cam2.tif	2
13	151208120343013119.13.0	1	-0.011255790628	-0.011875539564	3010.352367663385	0.006123686819	-0.009106649049	3433.801613562449	13	119	2	/tier2/flyTEM/data/FAFB00/1512/151208120343_28x128/col0013/col0013_row0119_cam2.tif	2
13	151208120343014115.13.0	1	-0.007512038219	-0.015802550854	3090.381130790156	0.006275609314	-0.016626608309	3540.647792248346	14	115	3	/tier2/flyTEM/data/FAFB00/1512/151208120343_28x128/col0014/col0014_row0115_cam3.tif	2
13	151208120343014116.13.0	1	-0.006702964770	-0.012314366976	3057.246865410089	0.006126979980	-0.012300530659	3508.067355230334	14	116	1	/tier2/flyTEM/data/FAFB00/1512/151208120343_28x128/col0014/col0014_row0116_cam1.tif	2
13	151208120343014117.13.0	1	-0.007503628571	-0.013847917605	3035.164491554948	0.005600607135	-0.010657351326	3484.778559492202	14	117	1	/tier2/flyTEM/data/FAFB00/1512/151208120343_28x128/col0014/col0014_row0117_cam1.tif	2
13	151208120343014118.13.0	1	-0.007962219248	-0.011543397698	3007.217857437274	0.005417690368	-0.009419877684	3462.501303662313	14	118	3	/tier2/flyTEM/data/FAFB00/1512/151208120343_28x128/col0014/col0014_row0118_cam3.tif	2
13	151208120343014119.13.0	1	-0.008258171898	-0.011853036567	2985.604786475466	0.005031899643	-0.009344023659	3444.146937575075	14	119	3	/tier2/flyTEM/data/FAFB00/1512/151208120343_28x128/col0014/col0014_row0119_cam3.tif	2
13	151208120343015115.13.0	1	-0.006924311711	-0.013912791866	3072.383069378448	0.005890883014	-0.016217734589	3554.731830357399	15	115	3	/tier2/flyTEM/data/FAFB00/1512/151208120343_28x128/col0015/col0015_row0115_cam3.tif	2
13	151208120343015116.13.0	1	-0.006747249628	-0.013090893428	3045.435159951085	0.005904137753	-0.013929968309	3523.799773905834	15	116	1	/tier2/flyTEM/data/FAFB00/1512/151208120343_28x128/col0015/col0015_row0116_cam1.tif	2
13	151208120343015117.13.0	1	-0.006631092010	-0.013133665255	3020.143916189438	0.005243881302	-0.011536028191	3496.655239356565	15	117	1	/tier2/flyTEM/data/FAFB00/1512/151208120343_28x128/col0015/col0015_row0117_cam1.tif	2
13	151208120343015118.13.0	1	-0.005780910818	-0.012511080245	2993.203163716542	0.004588906893	-0.010016016744	3474.208953713358	15	118	3	/tier2/flyTEM/data/FAFB00/1512/151208120343_28x128/col0015/col0015_row0118_cam3.tif	2
13	151208120343015119.13.0	1	-0.006264208789	-0.011902996190	2969.114308542281	0.004872429118	-0.009982551971	3454.423276077432	15	119	3	/tier2/flyTEM/data/FAFB00/1512/151208120343_28x128/col0015/col0015_row0119_cam3.tif	2
13	151208120343016116.13.0	1	-0.006742408020	-0.013031930361	3034.514980241678	0.005657363865	-0.013760859984	3534.132520250219	16	116	0	/tier2/flyTEM/data/FAFB00/1512/151208120343_28x128/col0016/col0016_row0116_cam0.tif	2
13	151208120343016117.13.0	1	-0.006958256659	-0.012994812504	3009.806075977998	0.005327030720	-0.012061781641	3506.653320883983	16	117	0	/tier2/flyTEM/data/FAFB00/1512/151208120343_28x128/col0016/col0016_row0117_cam0.tif	2
13	151208120343016118.13.0	1	-0.006233468706	-0.011967924736	2982.451435560622	0.004481668911	-0.010206172894	3481.530461450922	16	118	2	/tier2/flyTEM/data/FAFB00/1512/151208120343_28x128/col0016/col0016_row0118_cam2.tif	2
13	151208120343016119.13.0	1	-0.009964271823	-0.002261187294	2952.011459918787	0.005072490454	-0.008751144520	3460.546718969999	16	119	2	/tier2/flyTEM/data/FAFB00/1512/151208120343_28x128/col0016/col0016_row0119_cam2.tif	2
14	151208120343011071.14.0	1	-0.021546833748	-0.015521094923	3120.456043550701	0.002585371752	-0.012613041824	3483.516710255877	11	71	3	/tier2/flyTEM/data/FAFB00/1512/151208120343_28x128/col0011/col0011_row0071_cam3.tif	2
14	151208120343011072.14.0	1	-0.017134988535	-0.013161976176	3079.292766096449	0.005156211851	-0.010740778911	3453.708300137660	11	72	1	/tier2/flyTEM/data/FAFB00/1512/151208120343_28x128/col0011/col0011_row0072_cam1.tif	2
14	151208120343011073.14.0	1	-0.399379803873	0.041861469385	3908.610605165071	0.132706740014	-0.027759520784	3147.919286782155	11	73	1	/tier2/flyTEM/data/FAFB00/1512/151208120343_28x128/col0011/col0011_row0073_cam1.tif	2
14	151208120343012070.14.0	1	-0.017470090630	-0.013270945508	3104.475307838431	0.002071372313	-0.014311724949	3517.168742086855	12	70	2	/tier2/flyTEM/data/FAFB00/1512/151208120343_28x128/col0012/col0012_row0070_cam2.tif	2
14	151208120343012071.14.0	1	-0.015782238058	-0.014434895802	3077.871764764117	0.003689055461	-0.012168266680	3486.315322845650	12	71	2	/tier2/flyTEM/data/FAFB00/1512/151208120343_28x128/col0012/col0012_row0071_cam2.tif	2
14	151208120343012072.14.0	1	-0.013737471405	-0.012817064215	3047.636229298769	0.004519644169	-0.010492039583	3463.256777156261	12	72	0	/tier2/flyTEM/data/FAFB00/1512/151208120343_28x128/col0012/col0012_row0072_cam0.tif	2
14	151208120343012073.14.0	1	-0.013126759778	-0.011179170815	3024.295278207668	0.005028486186	-0.010226616836	3442.245136918849	12	73	0	/tier2/flyTEM/data/FAFB00/1512/151208120343_28x128/col0012/col0012_row0073_cam0.tif	2
14	151208120343013070.14.0	1	-0.008908337671	-0.012723176655	3066.105932732520	0.004727945064	-0.014165477475	3519.753150662116	13	70	2	/tier2/flyTEM/data/FAFB00/1512/151208120343_28x128/col0013/col0013_row0070_cam2.tif	2
14	151208120343013071.14.0	1	-0.008891888733	-0.012844737064	3042.725849008901	0.004511245547	-0.011414929985	3492.069242423109	13	71	2	/tier2/flyTEM/data/FAFB00/1512/151208120343_28x128/col0013/col0013_row0071_cam2.tif	2
14	151208120343013072.14.0	1	-0.008940538353	-0.012535259067	3019.403221410197	0.004503434639	-0.010545585248	3472.057516933826	13	72	0	/tier2/flyTEM/data/FAFB00/1512/151208120343_28x128/col0013/col0013_row0072_cam0.tif	2
14	151208120343013073.14.0	1	-0.009616668853	-0.010927840883	2996.642518012435	0.004298229825	-0.010598957614	3452.358895008976	13	73	0	/tier2/flyTEM/data/FAFB00/1512/151208120343_28x128/col0013/col0013_row0073_cam0.tif	2
14	151208120343014070.14.0	1	-0.007953472950	-0.012367961054	3046.604404750833	0.004674174508	-0.014476086520	3527.812068235246	14	70	3	/tier2/flyTEM/data/FAFB00/1512/151208120343_28x128/col0014/col0014_row0070_cam3.tif	2
14	151208120343014071.14.0	1	-0.007893028800	-0.012413176357	3023.113197504026	0.004115233532	-0.012040893846	3499.667534906650	14	71	3	/tier2/flyTEM/data/FAFB00/1512/151208120343_28x128/col0014/col0014_row0071_cam3.tif	2
14	151208120343014072.14.0	1	-0.007145806412	-0.011927725331	2997.852262145905	0.003629345790	-0.010500265021	3478.375028906856	14	72	1	/tier2/flyTEM/data/FAFB00/1512/151208120343_28x128/col0014/col0014_row0072_cam1.tif	2
14	151208120343014073.14.0	1	-0.007593590125	-0.011219670062	2975.002404920189	0.003837137085	-0.010692209675	3458.110252682120	14	73	1	/tier2/flyTEM/data/FAFB00/1512/151208120343_28x128/col0014/col0014_row0073_cam1.tif	2
14	151208120343015070.14.0	1	-0.008392326989	-0.012326939558	3030.692585331519	-0.004398285656	-0.022166155230	3548.835215432744	15	70	3	/tier2/flyTEM/data/FAFB00/1512/151208120343_28x128/col0015/col0015_row0070_cam3.tif	2
14	151208120343015071.14.0	1	-0.008207154112	-0.012237702447	3007.147865691426	0.003919098753	-0.012520966057	3508.100645603961	15	71	3	/tier2/flyTEM/data/FAFB00/1512/151208120343_28x128/col0015/col0015_row0071_cam3.tif	2
14	151208120343015072.14.0	1	-0.007448638639	-0.011396051058	2983.013074834387	0.003351351898	-0.010721333103	3485.629040031519	15	72	1	/tier2/flyTEM/data/FAFB00/1512/151208120343_28x128/col0015/col0015_row0072_cam1.tif	2
15	151208120343015011.15.0	1	-0.381456043933	-0.060677573413	4036.867215876671	-0.056670889220	-0.019916374802	3633.145801851817	15	11	3	/tier2/flyTEM/data/FAFB00/1512/151208120343_28x128/col0015/col0015_row0011_cam3.tif	2
15	151208120343015012.15.0	1	-0.207560878328	-0.010743298234	3517.789055097950	0.018465438413	-0.010775753531	3422.879759257426	15	12	1	/tier2/flyTEM/data/FAFB00/1512/151208120343_28x128/col0015/col0015_row0012_cam1.tif	2
15	151208120343016010.15.0	1	-0.017594265894	-0.013931711898	3117.099946430615	0.002465839061	-0.014183730354	3518.232092115213	16	10	2	/tier2/flyTEM/data/FAFB00/1512/151208120343_28x128/col0016/col0016_row0010_cam2.tif	2
15	151208120343016011.15.0	1	-0.016872515408	-0.014863229617	3090.755975683205	0.003627909383	-0.012343089173	3487.607829489629	16	11	2	/tier2/flyTEM/data/FAFB00/1512/151208120343_28x128/col0016/col0016_row0011_cam2.tif	2
15	151208120343016012.15.0	1	-0.014662185724	-0.013137978950	3058.549235166349	0.005218160893	-0.010616148749	3462.486465530063	16	12	0	/tier2/flyTEM/data/FAFB00/1512/151208120343_28x128/col0016/col0016_row0012_cam0.tif	2
15	151208120343016013.15.0	1	-0.013069883125	-0.011479938932	3032.583818543149	0.005179526669	-0.009995689252	3442.041174702346	16	13	0	/tier2/flyTEM/data/FAFB00/1512/151208120343_28x128/col0016/col0016_row0013_cam0.tif	2
15	151208120343017010.15.0	1	-0.010064152512	-0.012868398058	3075.429121504087	0.004412473975	-0.013731748232	3520.307036351820	17	10	2	/tier2/flyTEM/data/FAFB00/1512/151208120343_28x128/col0017/col0017_row0010_cam2.tif	2
15	151208120343017011.15.0	1	-0.009551302543	-0.013285331876	3051.247645354204	0.004517654288	-0.011471900370	3492.514282504388	17	11	2	/tier2/flyTEM/data/FAFB00/1512/151208120343_28x128/col0017/col0017_row0011_cam2.tif	2
15	151208120343017012.15.0	1	-0.009014863595	-0.012742189455	3026.385621719252	0.004702267595	-0.010383542304	3471.713325650780	17	12	0	/tier2/flyTEM/data/FAFB00/1512/151208120343_28x128/col0017/col0017_row0012_cam0.tif	2
15	151208120343017013.15.0	1	-0.009837896844	-0.010840592387	3003.354048185531	0.004702907636	-0.011181996899	3453.011346927553	17	13	0	/tier2/flyTEM/data/FAFB00/1512/151208120343_28x128/col0017/col0017_row0013_cam0.tif	2
15	151208120343017014.15.0	1	-0.016644645380	-0.020175967962	3001.901301683931	0.017707049332	-0.115797139375	3448.879803641292	17	14	2	/tier2/flyTEM/data/FAFB00/1512/151208120343_28x128/col0017/col0017_row0014_cam2.tif	2
15	151208120343018010.15.0	1	-0.007481044803	-0.012549826754	3053.579623504571	0.005600500800	-0.014225809797	3527.721417736553	18	10	3	/tier2/flyTEM/data/FAFB00/1512/151208120343_28x128/col0018/col0018_row0010_cam3.tif	2
15	151208120343018011.15.0	1	-0.007480316481	-0.012620154573	3030.079651221968	0.004517573958	-0.011759755405	3500.328066008922	18	11	3	/tier2/flyTEM/data/FAFB00/1512/151208120343_28x128/col0018/col0018_row0011_cam3.tif	2
15	151208120343018012.15.0	1	-0.006932856202	-0.012156214073	3004.610158595358	0.004050974918	-0.010379257118	3479.017411855515	18	12	1	/tier2/flyTEM/data/FAFB00/1512/151208120343_28x128/col0018/col0018_row0012_cam1.tif	2
15	151208120343018013.15.0	1	-0.007376246784	-0.011317790579	2981.498041031598	0.004140853381	-0.010706097564	3459.401818814164	18	13	1	/tier2/flyTEM/data/FAFB00/1512/151208120343_28x128/col0018/col0018_row0013_cam1.tif	2
15	151208120343018014.15.0	1	-0.009911086985	-0.030087659278	2970.515446933321	0.003332011118	-0.114339080886	3468.578374650038	18	14	3	/tier2/flyTEM/data/FAFB00/1512/151208120343_28x128/col0018/col0018_row0014_cam3.tif	2
15	151208120343019010.15.0	1	-0.008055668233	-0.012334353204	3037.972661328800	-0.003677910319	-0.021889654909	3555.794400848332	19	10	3	/tier2/flyTEM/data/FAFB00/1512/151208120343_28x128/col0019/col0019_row0010_cam3.tif	2
15	151208120343019011.15.0	1	-0.007835333022	-0.012419172441	3014.418121473514	0.004128869076	-0.012122995200	3509.133770489017	19	11	3	/tier2/flyTEM/data/FAFB00/1512/151208120343_28x128/col0019/col0019_row0011_cam3.tif	2
15	151208120343019012.15.0	1	-0.007132826754	-0.011699297519	2989.776021014673	0.003578094274	-0.010518319939	3486.754649444192	19	12	1	/tier2/flyTEM/data/FAFB00/1512/151208120343_28x128/col0019/col0019_row0012_cam1.tif	2
15	151208120343019013.15.0	1	-0.007126545373	-0.011441555634	2966.152874453423	0.003822170307	-0.010864545257	3467.178851469420	19	13	1	/tier2/flyTEM/data/FAFB00/1512/151208120343_28x128/col0019/col0019_row0013_cam1.tif	2
15	151208120343020011.15.0	1	-0.007669908281	-0.012074284252	3000.450798577993	0.003510866970	-0.012511442854	3517.220752604771	20	11	2	/tier2/flyTEM/data/FAFB00/1512/151208120343_28x128/col0020/col0020_row0011_cam2.tif	2
15	151208120343020012.15.0	1	-0.007112116942	-0.011573161995	2978.590246586464	0.003489819929	-0.010661623753	3494.215536813601	20	12	0	/tier2/flyTEM/data/FAFB00/1512/151208120343_28x128/col0020/col0020_row0012_cam0.tif	2
16	151215045442007009.16.0	1	-0.121174985343	-0.066454773500	3399.669093851524	0.301424007768	0.116088384071	2473.787381166709	7	9	0	/tier2/flyTEM/data/FAFB00/1512/151215045442_18x16/col0007/col0007_row0009_cam0.tif	12
16	151215045442007010.16.0	1	0.021139540182	-0.017668103751	2933.453680780083	0.120041548870	0.018576950914	3129.701123588660	7	10	0	/tier2/flyTEM/data/FAFB00/1512/151215045442_18x16/col0007/col0007_row0010_cam0.tif	12
16	151215045442007011.16.0	1	0.030784087313	-0.009919904130	2881.093701381309	0.116804197133	0.005285746385	3163.560983552365	7	11	0	/tier2/flyTEM/data/FAFB00/1512/151215045442_18x16/col0007/col0007_row0011_cam0.tif	12
16	151215045442008009.16.0	1	-0.010236610878	-0.033102099994	3066.640754440872	0.050835853052	0.040751213376	3274.251758144645	8	9	0	/tier2/flyTEM/data/FAFB00/1512/151215045442_18x16/col0008/col0008_row0009_cam0.tif	12
16	151215045442008010.16.0	1	0.011108352614	-0.010690419048	2966.198363329546	0.012957417192	0.005536262723	3418.147888382955	8	10	0	/tier2/flyTEM/data/FAFB00/1512/151215045442_18x16/col0008/col0008_row0010_cam0.tif	12
16	151215045442008011.16.0	1	0.012180000352	-0.007767251660	2943.639746657413	0.011496248690	0.004565387463	3431.053686038242	8	11	0	/tier2/flyTEM/data/FAFB00/1512/151215045442_18x16/col0008/col0008_row0011_cam0.tif	12
16	151215045442008012.16.0	1	0.012356661854	-0.007472106043	2927.800666502793	0.011490807324	0.004163026792	3439.583885828208	8	12	0	/tier2/flyTEM/data/FAFB00/1512/151215045442_18x16/col0008/col0008_row0012_cam0.tif	12
16	151215045442009009.16.0	1	0.013776348202	-0.015899278483	3012.710202739087	0.011322660969	0.006011847419	3428.782215973712	9	9	0	/tier2/flyTEM/data/FAFB00/1512/151215045442_18x16/col0009/col0009_row0009_cam0.tif	12
16	151215045442009010.16.0	1	0.013440177707	-0.009613425798	2982.215299247575	0.010806279904	0.005165609231	3440.597468503809	9	10	0	/tier2/flyTEM/data/FAFB00/1512/151215045442_18x16/col0009/col0009_row0010_cam0.tif	12
16	151215045442009011.16.0	1	0.012763633259	-0.007339506533	2964.464522580922	0.010868252933	0.004365277166	3450.855539429060	9	11	0	/tier2/flyTEM/data/FAFB00/1512/151215045442_18x16/col0009/col0009_row0011_cam0.tif	12
16	151215045442009012.16.0	1	0.012477086898	-0.007577653886	2950.112916021557	0.011024048309	0.003888906088	3458.813895908417	9	12	0	/tier2/flyTEM/data/FAFB00/1512/151215045442_18x16/col0009/col0009_row0012_cam0.tif	12
16	151215045442010009.16.0	1	0.015735449221	-0.017988839362	3039.812897257543	0.012873164141	0.003971101028	3450.954314486007	10	9	0	/tier2/flyTEM/data/FAFB00/1512/151215045442_18x16/col0010/col0010_row0009_cam0.tif	12
16	151215045442010010.16.0	1	0.013943850415	-0.009959444656	3006.716874955244	0.011634613321	0.004991208426	3460.466833808168	10	10	0	/tier2/flyTEM/data/FAFB00/1512/151215045442_18x16/col0010/col0010_row0010_cam0.tif	12
16	151215045442010011.16.0	1	0.013346780081	-0.007987005906	2988.636547310402	0.012286499041	0.004861396878	3469.468168799998	10	11	0	/tier2/flyTEM/data/FAFB00/1512/151215045442_18x16/col0010/col0010_row0011_cam0.tif	12
16	151215045442010012.16.0	1	0.013206851443	-0.008228681775	2972.707608664678	0.012518242201	0.004359644013	3478.429687346041	10	12	0	/tier2/flyTEM/data/FAFB00/1512/151215045442_18x16/col0010/col0010_row0012_cam0.tif	12
16	151215045442011009.16.0	1	0.014809932663	-0.018550085642	3067.386343977159	0.014077152441	0.003438461559	3473.134499379143	11	9	0	/tier2/flyTEM/data/FAFB00/1512/151215045442_18x16/col0011/col0011_row0009_cam0.tif	12
16	151215045442011010.16.0	1	0.013309444448	-0.010544233461	3031.063012779108	0.013708238527	0.004790569209	3479.608114315313	11	10	0	/tier2/flyTEM/data/FAFB00/1512/151215045442_18x16/col0011/col0011_row0010_cam0.tif	12
16	151215045442011011.16.0	1	0.013305950949	-0.007977550491	3010.840553570713	0.014748210569	0.005912866065	3488.144625607063	11	11	0	/tier2/flyTEM/data/FAFB00/1512/151215045442_18x16/col0011/col0011_row0011_cam0.tif	12
16	151215045442012009.16.0	1	0.011224995924	-0.075933901983	3192.092180186177	0.012480021070	-0.021912875935	3542.940541960241	12	9	0	/tier2/flyTEM/data/FAFB00/1512/151215045442_18x16/col0012/col0012_row0009_cam0.tif	12
16	151215045442012010.16.0	1	0.013670838382	-0.010821731352	3055.634243085551	0.014036810880	0.004675104477	3505.741762329533	12	10	0	/tier2/flyTEM/data/FAFB00/1512/151215045442_18x16/col0012/col0012_row0010_cam0.tif	12
